
# eygue_7
AOI = {
        "type": "MultiPolygon",
        "coordinates": [
          [
            [
              [
                4.91588943510856,
                44.211980701554474
              ],
              [
                4.919121104676019,
                44.20944095623606
              ],
              [
                4.91782520007276,
                44.2090870698574
              ],
              [
                4.917265335801108,
                44.20906533965949
              ],
              [
                4.916863957485318,
                44.2087893505205
              ],
              [
                4.916624011016038,
                44.20867849898615
              ],
              [
                4.916466955475128,
                44.2084316942382
              ],
              [
                4.916082174189892,
                44.20834173908083
              ],
              [
                4.915159398394788,
                44.20746633459301
              ],
              [
                4.914384948290356,
                44.20735644015716
              ],
              [
                4.913334225811278,
                44.20669377205252
              ],
              [
                4.912064040486246,
                44.20530220865854
              ],
              [
                4.910489495082756,
                44.204873245532625
              ],
              [
                4.909456778403319,
                44.20407029846575
              ],
              [
                4.908477366850409,
                44.20372633032983
              ],
              [
                4.907598868042738,
                44.203642142349025
              ],
              [
                4.907353478653067,
                44.20269830325958
              ],
              [
                4.903788349562426,
                44.20378323559256
              ],
              [
                4.905877227401128,
                44.205551796476904
              ],
              [
                4.907243672660227,
                44.20710428789758
              ],
              [
                4.909992274706736,
                44.20942913750944
              ],
              [
                4.911682547034496,
                44.20995930400439
              ],
              [
                4.91351085131234,
                44.21026575247416
              ],
              [
                4.915128553182849,
                44.210926694890105
              ],
              [
                4.91588943510856,
                44.211980701554474
              ]
            ]
          ]
        ]
      }



eygue_4
AOI = {
        "type": "MultiPolygon",
        "coordinates": [
          [
            [
              [
                5.113263255620006,
                44.34292628821391
              ],
              [
                5.115578547198506,
                44.34188534442477
              ],
              [
                5.11424315052414,
                44.34033266130699
              ],
              [
                5.112564678872293,
                44.339201208222406
              ],
              [
                5.111951252847493,
                44.33899518862323
              ],
              [
                5.11139955489029,
                44.33818283698562
              ],
              [
                5.109007502296916,
                44.33736265820315
              ],
              [
                5.108368368299897,
                44.33691269507484
              ],
              [
                5.106925963096304,
                44.3368928987703
              ],
              [
                5.106003174226122,
                44.336692857792336
              ],
              [
                5.10574952447209,
                44.33665265877533
              ],
              [
                5.104430680987621,
                44.335916869103734
              ],
              [
                5.103572963817739,
                44.336727131908276
              ],
              [
                5.106578812029752,
                44.33858562790278
              ],
              [
                5.107329941529888,
                44.33916678470264
              ],
              [
                5.107567466368412,
                44.33953951673553
              ],
              [
                5.10790830734557,
                44.34003199668375
              ],
              [
                5.108556067933393,
                44.34016127076981
              ],
              [
                5.109532576206893,
                44.34070174740563
              ],
              [
                5.109625302362653,
                44.34110144986237
              ],
              [
                5.111011212797722,
                44.34187627242806
              ],
              [
                5.111568185661511,
                44.3423049981494
              ],
              [
                5.112167038427432,
                44.3424296644817
              ],
              [
                5.112825524063508,
                44.3426110841007
              ],
              [
                5.113263255620006,
                44.34292628821391
              ]
            ]
          ]
        ]
      }

Drac_6
AOI = {
        "type": "MultiPolygon",
        "coordinates": [
          [
            [
              [
                6.244904172989677,
                44.66992325257267
              ],
              [
                6.245488309563934,
                44.6701997022023
              ],
              [
                6.245693394745669,
                44.67046726105284
              ],
              [
                6.246705622821787,
                44.671234208991535
              ],
              [
                6.247534978250401,
                44.67176927998023
              ],
              [
                6.248431278020449,
                44.6723534282775
              ],
              [
                6.249269570275787,
                44.67292867243774
              ],
              [
                6.249755614809537,
                44.673031270077374
              ],
              [
                6.249711045714182,
                44.673303263632
              ],
              [
                6.249742244078235,
                44.67337015705692
              ],
              [
                6.250214921473947,
                44.67366443891868
              ],
              [
                6.250790113055795,
                44.67437341356847
              ],
              [
                6.25165072242723,
                44.67517160286458
              ],
              [
                6.253965026680367,
                44.6740880728184
              ],
              [
                6.254263822792018,
                44.673459292570655
              ],
              [
                6.253746542551248,
                44.67260759097442
              ],
              [
                6.253122294861066,
                44.671992241034246
              ],
              [
                6.252239379629423,
                44.67169351923124
              ],
              [
                6.251280626519438,
                44.67118070619559
              ],
              [
                6.249987536702244,
                44.67077942018825
              ],
              [
                6.249394443978504,
                44.67015510494476
              ],
              [
                6.247147080006416,
                44.66918305286988
              ],
              [
                6.246161584643311,
                44.668861959827275
              ],
              [
                6.245631002104897,
                44.66860335021817
              ],
              [
                6.244904172989677,
                44.66992325257267
              ]
            ]
          ]
        ]
      }

Roubion_2
AOI = {
        "type": "MultiPolygon",
        "coordinates": [
          [
            [
              [
                5.0071067571096,
                44.619909984506805
              ],
              [
                5.008346364280067,
                44.620182005513946
              ],
              [
                5.008894805766503,
                44.61939718748812
              ],
              [
                5.009068733933637,
                44.61902258603511
              ],
              [
                5.009376442114442,
                44.61867482398801
              ],
              [
                5.00955029242459,
                44.61833142218364
              ],
              [
                5.009804522692788,
                44.617916722092296
              ],
              [
                5.010112155558838,
                44.617457453112216
              ],
              [
                5.010366309030062,
                44.61681086954911
              ],
              [
                5.010393128906606,
                44.61624459325238
              ],
              [
                5.010308384465782,
                44.61564262036765
              ],
              [
                5.008636215578973,
                44.61558907992332
              ],
              [
                5.008819029755133,
                44.61618661541801
              ],
              [
                5.00851584736758,
                44.6173281652948
              ],
              [
                5.008489028380368,
                44.61787217199631
              ],
              [
                5.008092219971659,
                44.61873724965085
              ],
              [
                5.007753336226044,
                44.61909395975361
              ],
              [
                5.0071067571096,
                44.619909984506805
              ]
            ]
          ]
        ]
      }


# Asse_14
AOI = {
        "type": "MultiPolygon",
        "coordinates": [
          [
            [
              [
                5.932147271831594,
                43.88274922368918
              ],
              [
                5.933146105910044,
                43.8828473013746
              ],
              [
                5.933850620352583,
                43.88288746530249
              ],
              [
                5.934764751977466,
                43.88336458008824
              ],
              [
                5.935933012801094,
                43.88360093228329
              ],
              [
                5.937854875571714,
                43.884020068965164
              ],
              [
                5.940543715539154,
                43.88459525673816
              ],
              [
                5.94101191647709,
                43.88547817454796
              ],
              [
                5.942478948052929,
                43.88583489493644
              ],
              [
                5.943223644470504,
                43.885888442234915
              ],
              [
                5.945890226296244,
                43.886753509064754
              ],
              [
                5.946826633930318,
                43.88736435456463
              ],
              [
                5.94818664003456,
                43.887235050963824
              ],
              [
                5.949426283272385,
                43.88517048486347
              ],
              [
                5.948895603509309,
                43.88505014892855
              ],
              [
                5.947789746681158,
                43.88422964394466
              ],
              [
                5.945591478783451,
                43.88374360277061
              ],
              [
                5.943027471393854,
                43.88319514220395
              ],
              [
                5.942273908191201,
                43.883333367755384
              ],
              [
                5.941440048978061,
                43.88262880350126
              ],
              [
                5.938809138039526,
                43.88187074575775
              ],
              [
                5.937721122004447,
                43.88164338597718
              ],
              [
                5.936619742388656,
                43.881317813763886
              ],
              [
                5.934809334287038,
                43.88129553483517
              ],
              [
                5.933444872556954,
                43.88113948610663
              ],
              [
                5.932686833660093,
                43.88103689137755
              ],
              [
                5.932147271831594,
                43.88274922368918
              ]
            ]
          ]
        ]
      }